NaN,NaN,NaN,NaN,NaN,NaN,NaN,NaN,NaN,NaN,NaN,NaN,NaN,NaN,NaN,NaN,NaN,NaN
-0.190086539637014,6.50679693732873,-0.340089442518656,NaN,NaN,NaN,-1.54737111162384,28.8429512037805,-2.25402633363165,NaN,NaN,NaN,9.11033152115717,97.4340991950401,-4.28039547997368,NaN,NaN,NaN
-0.382290729867465,6.84328250311953,-0.502798658298394,0.330730289447653,0.041355153479731,0.312975008204765,-6.86393532878999,28.3183633766231,-3.23742576740085,1.69045266400458,0.256354866069521,-0.211402585019932,-14.3076709210983,91.2325861145644,-7.17146874073637,7.1288218804493,1.75916540264851,5.03263470435767
-0.507326951755027,7.07714807935489,-0.587277584965371,0.345294128644433,0.0505392599782241,0.312974314777096,-11.127342557197,28.0841496394919,-4.01666524818395,1.86971807706418,0.338132567848263,-1.21423264655158,-32.2852808331488,86.4105923307945,-9.84549857408663,7.74242897608026,2.78623859764862,0.346509014700184
-0.563003847633969,7.2073745795599,-0.596654667244302,0.352005642091299,0.0529612997987539,0.310171069865034,-14.0459366169654,28.1426870787165,-4.53102813084516,1.97916551210432,0.375286738514684,-1.95517986962796,-44.0689870463049,83.3150081764654,-12.2129746413265,8.2593630180295,3.49733519073194,-2.9123413462099
-0.560706749856344,7.25415535268599,-0.548990836057115,0.352155940665604,0.0501544223481792,0.305719323472064,-15.550368306291,28.4194530393966,-4.73403471673546,2.01398854020861,0.374397949015775,-2.41993715580722,-49.8635638853898,82.0344025105969,-14.0477403260082,8.63328544358284,3.87411441333416,-4.72326098644046
-0.516846025637437,7.24723959233113,-0.457726177776027,0.347409776704136,0.043611449092685,0.300821858602841,-15.8431452865001,28.8201534978605,-4.56627571839389,1.966599305855,0.346837681510741,-2.64544295459932,-50.8186792363637,82.4743208758533,-15.0079305328384,8.78901696165313,3.93565375529674,-5.31755666282645
-0.449320717573995,7.21610385770451,-0.33487736643495,0.339464920174949,0.0347780186745822,0.29637046719845,-15.319044360352,29.2641994506871,-3.97664477983135,1.83134663503291,0.307416949795785,-2.70512064266261,-48.643796799034,84.4077549799197,-14.7777100544253,8.65297972166893,3.73800769713055,-5.09559839527807
-0.374868742655094,7.18082370816992,-0.196616145219193,0.329885887030569,0.0251739028619946,0.292677232026096,-14.3951768340759,29.6794760083922,-2.97211467949101,1.61429463320685,0.270595190102906,-2.67748819043616,-45.0575168510835,87.4358206608357,-13.2300789041366,8.19495987996881,3.36359811155544,-4.48819997949161
-0.305407561601182,7.14876489878702,-0.0607544891463224,0.319863626643148,0.0161087135136743,0.289568306096186,-13.3688899422814,30.0025794409161,-1.64998376999696,1.33801058642348,0.245933059831239,-2.6188141342509,-41.3668451431097,91.0007779942529,-10.5257675992251,7.45520395683389,2.90408258149176,-3.83512094687139
-0.245704056753951,7.11736752017835,0.0569735954905338,0.310168003326915,0.0084273528808578,0.286701180837849,-12.3669103962818,30.2065526869601,-0.174328878774235,1.03675888140492,0.235952296876224,-2.55309056899359,-38.2867854327738,94.521446568382,-7.05329546831783,6.53310323231156,2.43853391845985,-3.32186466681921
-0.194724274065958,7.07976448767861,0.146397571294843,0.301200675868179,0.00244995396024212,0.283807162997061,-11.3831190265271,30.3170436137054,1.28049034851913,0.74578722492255,0.237422540374993,-2.47965180740765,-35.9963759131163,97.5414242211343,-3.27044895554693,5.5484505124393,2.01809367956567,-2.9896825317217
-0.149608209473266,7.0312121163556,0.203407461388924,0.29320398348789,-0.00184242608671704,0.280793418977213,-10.3631792743516,30.3823732723042,2.55098428010628,0.497047139358252,0.244162384487505,-2.3894204790553,-34.3434173100859,99.7822196294931,0.381269609632686,4.62156451943672,1.66908242203019,-2.79881864253414
-0.108298244448115,6.97154310293054,0.228442195584642,0.286388410558827,-0.00461081697011294,0.277710065475946,-9.26471128746487,30.4319637806364,3.49227059042848,0.317489507601857,0.249209551163679,-2.27571459994951,-33.0282291722368,101.102553121349,3.49182497017794,3.86500554016082,1.4008711545022,-2.68543051426532
-0.0705442907168882,6.90292814723041,0.226243932793603,0.280796981027746,-0.00609777564058544,0.274599445102712,-8.07550890785471,30.4677271836838,4.01883003003179,0.221536596085068,0.246840554432745,-2.1373604154857,-31.7218580204018,101.444739189792,5.74711800086828,3.35565113375043,1.20701642191522,-2.58960863249295
-0.0385162841020356,6.82829648059563,0.204294717330598,0.276285585174095,-0.00653864243882663,0.271396496825313,-6.81687664480804,30.4794908501285,4.1255225156626,0.208038731556909,0.234108087387171,-1.97956448474334,-30.1575909629785,100.827293725314,7.00143224416091,3.11670867366229,1.06897300630299,-2.4700815170952
-0.0160989316098081,6.75127709642682,0.169864285727718,0.272671535063743,-0.0060782331645869,0.267961583023794,-5.52795383716411,30.4587271908447,3.86367147001163,0.265704530384326,0.210654844719965,-1.81118939901009,-28.1464209266548,99.3695013538256,7.29314284882064,3.12716751295493,0.962027907454555,-2.2999206312181
-0.00771742255803003,6.67564939139062,0.129062566158033,0.26977750310538,-0.00478789463985719,0.264121744157762,-4.24272513479181,30.3985981738519,3.32000997006693,0.377156447992557,0.177956106433652,-1.64037747961127,-25.5498566027518,97.2818881741266,6.83225497368729,3.33101003633684,0.859422872230298,-2.05551879962365
-0.01476159809626,6.60428133774398,0.0870159941453284,0.267401286293219,-0.00282336552765281,0.259823902089285,-2.98923225016303,30.2878918599299,2.60505487188154,0.520832354993021,0.138797908339932,-1.4732624948053,-22.3158638838218,94.79346612058,5.92325933482429,3.64879354466767,0.740025449317551,-1.72463215008101
-0.0288849581363833,6.53864509939726,0.0475165938070167,0.265337562059599,-0.000684126882371567,0.255486461041088,-1.79554510060601,30.1162501697097,1.83473842773051,0.674457545852632,0.0963358750464221,-1.31329838737852,-18.5163052576068,92.1035886014845,4.84826502002675,4.00008502918618,0.594549631650126,-1.31434773645005
-0.0343434558562945,6.48010662581303,0.0131180908788374,0.263443832621509,0.000886103510256414,0.251942638043162,-0.686231956778621,29.88697897643,1.11597971010947,0.817965422386397,0.0535661548432488,-1.16168106452363,-14.3114865688647,89.4139259763356,3.82222396355454,4.31773525349411,0.424339565699048,-0.844769342908179
-0.0224432319404377,6.43026151371815,-0.0146205729904948,0.261652436606328,0.00148116382655132,0.249685739477762,0.315842924682857,29.6208321395828,0.532788199816495,0.936068458320851,0.0136649758984438,-1.02181976481137,-9.91843573437217,86.9365145291744,2.9768273310739,4.55665186246581,0.239370992079212,-0.349798957109758
-0.00027237408424543,6.38867951816897,-0.0344709074781356,0.25984996870837,0.00135152086181187,0.248303307141535,1.18884113460206,29.3463865185057,0.126043253491243,1.02136239054433,-0.0203001969671712,-0.901545737993457,-5.58233792406257,84.8353186544898,2.3324222381791,4.70395806886703,0.0552139129358213,0.123319991119078
0.0168164525656964,6.353104783935,-0.0448104783907313,0.257848139147458,0.00105982063466337,0.246875226322048,1.92860160661621,29.0875609109387,-0.112105247194163,1.07486374838873,-0.0466436257552403,-0.807642236020699,-1.48327657399315,83.2059622718876,1.82807002812625,4.77587327400141,-0.11530328882402,0.537855160193066
0.0186542466701854,6.32287522173443,-0.0452479000420813,0.255604259865624,0.00099906675117534,0.244819444424269,2.55936277484399,28.8587691802567,-0.225314538252753,1.10425025933435,-0.0660144162723204,-0.740092189602516,2.3194903357963,82.1024052675767,1.37734800101856,4.80566130235256,-0.267933921498846,0.886084551759198
0.00548428308863083,6.30148221277933,-0.0373991979671114,0.253355766771108,0.00121847737446258,0.242267576418554,3.11712481561668,28.6697039728378,-0.277018251935179,1.12145541817777,-0.0810663224311266,-0.693805355041051,5.80966262746006,81.5553493920337,0.895848191947043,4.83426195099648,-0.404501531180027,1.17363218161452
-0.0146178288204913,6.29727357134017,-0.0221393228814548,0.251487013195777,0.00142815836959469,0.239954262720012,3.62609953530224,28.537187918716,-0.328673641804234,1.1383507220588,-0.0950310609729327,-0.664017886296468,8.93222016878309,81.5956067968612,0.329158189149779,4.8978599906795,-0.528014337381768,1.39696114380133
-0.0311296718630102,6.32005611052186,0.000767851553092702,0.250364590539617,0.00120413601195295,0.238798553378742,4.08583112193959,28.490676137041,-0.417483479632251,1.1626334316546,-0.110089921959842,-0.650324155032166,11.6148509733929,82.2735192006593,-0.328416511833204,5.0163744472029,-0.640156044725012,1.53896495156972
-0.0371141759150968,6.37537880490273,0.0291323094888097,0.250301745235227,0.000362004772769467,0.239358534293912,4.46801471928683,28.5654793527121,-0.547053659647313,1.19665125227726,-0.126317743301486,-0.658572689938553,13.7921319950472,83.6578046710337,-1.03739727047973,5.19020853394994,-0.739350548444547,1.56948819015734
-0.0318385819705767,6.46281875619314,0.0572607661128071,0.251555014676878,-0.000904616916906469,0.241623882310596,4.72713785181544,28.7937316250753,-0.688156356441143,1.23755133923206,-0.141515343971185,-0.699232142385074,15.38884994759,85.8150661791832,-1.7108417845953,5.39944446671874,-0.819279344957566,1.44755814362453
-0.0203150698016718,6.57694694312498,0.0784394594771599,0.254235776708683,-0.0021424866640924,0.245077763408306,4.82325714115999,29.1932423262801,-0.793886063274574,1.27909406012655,-0.152171508944578,-0.782650096921499,16.3619838186706,88.7508914417716,-2.24146370123216,5.61139141382855,-0.871469914199796,1.13913345642297
-0.00927584356214435,6.70981640821508,0.0882494428465356,0.258236891733585,-0.00292449261270755,0.249010505784601,4.74995811865682,29.7571401045733,-0.825345657909744,1.31514720800716,-0.155470166102418,-0.91245589525745,16.7891341710891,92.3357991579617,-2.57144035272452,5.79806579938452,-0.892092543457723,0.645563795350211
-0.000884729107428894,6.85568476183681,0.0873317196760992,0.263274230260541,-0.00319694230006417,0.253040559992823,4.55662264285756,30.4563335115479,-0.761610174274927,1.34102813930197,-0.15079949544969,-1.0800941642361,16.8952384738157,96.2948387652592,-2.70847026666792,5.94199865566156,-0.886493635980248,0.0199455260515786
0.00789613464266132,7.01254348538016,0.0814001314304561,0.268948915238688,-0.00329668981686566,0.257201629587914,4.3415576490106,31.25020037127,-0.594838981724598,1.35300936037266,-0.13951878971991,-1.26646860225588,17.0146554877214,100.276064110388,-2.68154011997279,6.03029594816204,-0.867633693231797,-0.642222984657953
0.0213624912893984,7.17988424812275,0.0784537257583882,0.274814791738951,-0.00368587834228048,0.261636445559258,4.21885204957181,32.0914927997721,-0.333304200437542,1.34951364612006,-0.124225090910387,-1.4490074828907,17.5288333454355,103.928351402859,-2.53269346875887,6.05748134023479,-0.852495697333307,-1.22883664857933
0.0437158911077923,7.35720079190142,0.084991845138549,0.280533121989518,-0.00475676743818968,0.26646537118563,4.29640949875753,32.9234725979423,-0.0126285738547606,1.33374099101929,-0.109098447615139,-1.60560713826867,18.7920975226662,106.958935604428,-2.34160674997606,6.03562776566823,-0.860858330444222,-1.63245924563611
0.0802387212316453,7.54413034703934,0.103514312780454,0.286021367444487,-0.00678821146498122,0.271854979150204,4.67031178203728,33.6875776350663,0.307437175171429,1.31378693382426,-0.10012027156066,-1.71573008447925,21.0702321438797,109.185451240361,-2.21605346430958,5.99408594468707,-0.914093772121051,-1.76323398893394
0.137716970869861,7.74173315366234,0.13261928660215,0.291497702729099,-0.00997185203819118,0.278076402729535,5.40964037791017,34.3490210393519,0.571348492452905,1.29842626371436,-0.103208790094172,-1.76463410443957,24.4795246813504,110.569085848048,-2.24251331822278,5.96366070779322,-1.02900561215793,-1.56794768118457
0.224776954744628,7.9520693616376,0.167835948690676,0.297417147552612,-0.0144648848173264,0.285493526261404,6.54044381978711,34.9100802676973,0.753975439316839,1.29282007567455,-0.121946430160791,-1.74716331399406,28.9496643200969,111.21152326335,-2.45070159235012,5.96183827060527,-1.21126634404015,-1.04458520884268
0.352678404597025,8.17675389994267,0.204191997418912,0.304271856310985,-0.0205235438073563,0.294547833555882,8.04720603270227,35.398379311685,0.864125793394948,1.29699810542978,-0.15684154186028,-1.66676241202491,34.2722538220321,111.321498560133,-2.82181206400238,5.99039417103634,-1.45517289096085,-0.233871061432525
0.534152601410362,8.41782251776572,0.241555461690399,0.312321031218665,-0.028650373698436,0.305716105761554,9.88646196750324,35.8491346711249,0.939894224867952,1.3050585155068,-0.205061183094479,-1.53245138484113,40.1917145926581,111.161010609645,-3.28904411685924,6.0335713891021,-1.74580978620809,0.801483675329947
0.781788844562589,8.67696932169116,0.285860576523119,0.321488047390295,-0.0395682892414692,0.31938123226721,12.0135220470723,36.2918047622633,1.03948532873462,1.30622390138564,-0.261024664517916,-1.35379601379983,46.4799904144918,110.991984235806,-3.71455228872902,6.05609937822083,-2.06174939137101,2.00095278993835
1.1083562526001,8.95280830245506,0.343082484423788,0.331592715659618,-0.0540297011918221,0.335749452017376,14.4106022468894,36.7474408740073,1.21987607769294,1.289827348683,-0.318807238288073,-1.13579461038361,52.9797577259153,111.044403322253,-3.91449942523538,6.01584526738017,-2.38116582552826,3.32564278199757
1.52606429449616,9.24032836990989,0.413932122675658,0.342624175121788,-0.0726379346229873,0.354791418884225,17.0859861720614,37.2285267500422,1.51220529256911,1.25064471559296,-0.374531968715984,-0.879128447124088,59.5769751927234,111.490265864047,-3.73607356219416,5.8848827210367,-2.68765625520512,4.75557831232654
2.04327632885735,9.53022844214655,0.494494021473229,0.354660789764024,-0.0957779436095482,0.376056549921708,20.05007751288,37.7264359574277,1.90364582247336,1.1910897753818,-0.427643193750342,-0.583552265602566,66.1197428588095,112.42052656617,-3.13073704986362,5.66459018429704,-2.97323333478476,6.27221216328491
2.66215260294943,9.80701434380246,0.580172515262956,0.367534385638288,-0.123665062009291,0.398547126839064,23.2955634417727,38.1995148340913,2.34298678702383,1.11861649027546,-0.480344692995585,-0.249778021236393,72.3728732553272,113.839743887904,-2.17632211322872,5.38362418869401,-3.23781251740187,7.84836076444861
3.37898837649222,10.0495672944151,0.669336465029443,0.380592485292305,-0.156442809884866,0.420870076233833,26.7825487753368,38.5825491202451,2.77787040058153,1.03910562536485,-0.534181962280009,0.118435209353418,78.0185934977508,115.662756147996,-1.01928965503569,5.07466593188422,-3.4815246131214,9.4439909246503
4.18571184925675,10.2340306694473,0.764367655943109,0.392704006314964,-0.194208077227264,0.441548191662481,30.4245152007581,38.8144230686759,3.18114871506684,0.953530747320081,-0.587206544602316,0.510637383011512,82.678415901509,117.718878985018,0.18477450568348,4.75819996293599,-3.69776663198481,11.0012767183833
5.06941423559883,10.3352795899734,0.86844938455427,0.402455391944025,-0.236831906277386,0.459206961304053,34.079036982818,38.8608051392692,3.53705807604065,0.86166057720775,-0.635244951619664,0.906602520578344,85.9821504068679,119.782908613024,1.27919698183377,4.45036916976674,-3.8761945539608,12.4456335538878
6.00923698609417,10.3271492084143,0.978538800433086,0.408494986435924,-0.283621711063909,0.472630423549837,37.5437778644139,38.7181091519291,3.81404078153781,0.767770731797233,-0.67561512986207,1.27545167349294,87.6354888988329,121.623302677552,2.12457599822017,4.17408234306681,-4.00880187966452,13.6890184848873
6.97546774060456,10.1851979290601,1.07944661882091,0.409911956547628,-0.333196625718442,0.481016846483792,40.5734305427367,38.4091575211779,3.95066319475162,0.683552487135189,-0.710940955937689,1.57930729557801,87.4332069718938,123.064774249994,2.62811307709051,3.96280720931055,-4.09400006379983,14.6339719407392
7.93245035096699,9.89228754691691,1.14370730580242,0.40645879951622,-0.383734374916875,0.484411625009102,42.9324434654963,37.9772959410321,3.85258597578353,0.627775056820752,-0.75245919368901,1.78262123889638,85.2900625633799,124.054147012729,2.73459190603072,3.8638573884451,-4.14270304229864,15.193341184039
8.84393772749128,9.44130428475175,1.13910918883716,0.398328863109979,-0.433456440841971,0.484029920029676,44.4601114722842,37.4596119354959,3.41258307922721,0.620320249882707,-0.819415202121833,1.86552803418449,81.3083887451967,124.655533355437,2.40223642384521,3.93030721510844,-4.18047407727802,15.3270072098223
9.67917360294453,8.83376523134705,1.04234574193107,0.385548039769911,-0.48107888043006,0.482305630338151,45.1069519894103,36.8459349654317,2.57378866041184,0.669456013995761,-0.929824987960292,1.83457501170206,75.7953867006106,124.959962698843,1.61807283950517,4.18835950140136,-4.23366177834791,15.0688002367207
10.412540337534,8.07978949109018,0.846559896778253,0.367862881173658,-0.525709264792253,0.482302776459462,44.9161150055517,36.0806565738019,1.37574262541363,0.76572308370493,-1.09014711659638,1.71832137371531,69.1906130403831,125.042822442459,0.448130236390929,4.61334143867531,-4.31116073398135,14.5095609380153
11.0197914753791,7.19948106550536,0.559236781245608,0.345205257945689,-0.566458271929747,0.486668806817335,43.9651129143159,35.1125113703135,-0.0655516523076924,0.888484722507765,-1.29327722634566,1.54984470481536,61.9309809155391,124.992343199875,-0.920828950739152,5.13747750259095,-4.39880488196937,13.7444851327836
11.4867046615118,6.22513900774064,0.207137378674227,0.317731502388383,-0.602617495529697,0.49713299322286,42.3280165154079,33.9302334202236,-1.59976852977726,1.01304784110575,-1.52086405895266,1.35551513061972,54.3430534170033,124.901839179263,-2.22484754594351,5.6724056020745,-4.46578143431549,12.8391549048799
11.8214906800009,5.20183614897635,-0.15974193094987,0.285649616206713,-0.633889537723807,0.514475461515962,40.0835770771662,32.5654291874049,-3.0905554894976,1.11701776746153,-1.74904775437147,1.15452050419706,46.6281842964577,124.853714308043,-3.27007774665547,6.14497665984722,-4.48113332470246,11.8327588621471
12.0434524724121,4.1715267664347,-0.484887113044603,0.249010738246352,-0.659630801324517,0.538177653312835,37.3287577667174,31.0586083655175,-4.44213355249708,1.18512602710806,-1.95490481803275,0.96333872502443,38.8998097065651,124.909215691751,-4.00836019352088,6.51659071984403,-4.42478936676669,10.7560678453478
12.1510325539595,3.14089224585618,-0.724156224128801,0.206634701990001,-0.677426378114942,0.566198169357151,34.171867091543,29.3928197453296,-5.56157213355812,1.2049225948532,-2.11370421733488,0.804899882423961,31.2520633037916,125.038139357096,-4.45318324011799,6.75479380327786,-4.27953128103347,9.65415570553118
12.1050893796015,2.07650814104436,-0.858178412966315,0.156292337341602,-0.682863087128362,0.595366941721732,30.7225483991006,27.5028335483199,-6.33040483963198,1.16527521494998,-2.19752778073531,0.706619849986111,23.8302896029378,125.09304314972,-4.58584982243248,6.8122775698812,-4.02722877816999,8.58875768225053
11.8574698941905,0.960847046355193,-0.905072573865089,0.0984665015196532,-0.672236813671978,0.621868901639804,27.0938633821008,25.3767700804544,-6.65969583001927,1.06765424858971,-2.18982330158637,0.679854897227174,16.8393639345077,124.894447239564,-4.36089462427462,6.65779101246514,-3.6670915833307,7.61143079018747
11.3990831226087,-0.153448864764496,-0.908949576562048,0.0389039393609498,-0.645687702100474,0.641638979900018,23.4042269913483,23.0949428570804,-6.56060949266991,0.931940050386217,-2.0985595530697,0.708684326821832,10.5108633727268,124.280165968612,-3.77527981256149,6.31146126127268,-3.22964437530526,6.74825466959728
10.76997249183,-1.16768782313343,-0.906044048723114,-0.0145087925748518,-0.606849021762449,0.651162230390577,19.7646225552528,20.7727800931358,-6.14572163282151,0.785912807273005,-1.95028086593966,0.762444398710596,5.03650006930185,123.062554732733,-2.91429013518686,5.83886497234347,-2.76401107748633,6.00420071622834
10.0342355059647,-1.99506701759171,-0.909071114914633,-0.0560215835853914,-0.560452755858713,0.648413807306392,16.2745196899759,18.5085645411406,-5.5696884850837,0.652426149006227,-1.77544187902256,0.813295666387851,0.502176330177605,120.993647525196,-1.93267841996049,5.31898070927617,-2.31525317978542,5.37059645381468
9.25945387642788,-2.58078125264118,-0.913549093736745,-0.0830118456601801,-0.510873176084589,0.633169330549895,13.0423012876788,16.3806104464727,-4.95466451277114,0.543589977856238,-1.59635948414391,0.842711038817471,-3.07880795348625,117.813709976402,-0.98876030806002,4.81161062138932,-1.91131548218841,4.83897740206061
8.50698970660315,-2.89764161928138,-0.906345834040614,-0.095327075128102,-0.461625231421256,0.606859175730396,10.1879842970769,14.4600235334771,-4.34893453573561,0.460350427809344,-1.42161063497672,0.840330204357528,-5.71985208029684,113.339987135514,-0.164040042352752,4.33753877758859,-1.56182084808465,4.4073150223512
7.82415503932597,-2.94662351496044,-0.875048727869236,-0.0946634465667165,-0.415250627620478,0.572362826878175,7.8107629290684,12.80403003512,-3.74453314420939,0.396484234153585,-1.25023596496643,0.803684091474137,-7.49744643815098,107.531265782812,0.569384442947819,3.88343028012585,-1.26590228792996,4.06968465342032
7.24042687309435,-2.75114265578455,-0.814595228445461,-0.083646092190576,-0.373428471610948,0.533450778020489,5.96130389530617,11.4540772676258,-3.12268440298086,0.34446579706349,-1.08021811682414,0.735775988912942,-8.57637307144065,100.546975105454,1.27321425925051,3.43083684135468,-1.02072391523273,3.80840819823197
6.76991022883324,-2.34018980415162,-0.726162612204557,-0.0648057972978754,-0.337135713412353,0.493995850887576,4.63926991794822,10.4506957633308,-2.4811223676001,0.299041898368024,-0.912734918103493,0.639531063505798,-9.17354348649418,92.7724752571853,1.93592276397409,2.98277452608577,-0.822877742040873,3.59914537171704
6.4124142026009,-1.74091521359931,-0.617319928103104,-0.0400488417918549,-0.306741877210612,0.457404097474674,3.80131155453509,9.82967215831307,-1.83444427402587,0.258101360748737,-0.752219209697017,0.516941177907824,-9.51598259139343,84.7329787553512,2.47819050961401,2.56234902854022,-0.666919176849518,3.41997492920976
6.15243697570041,-0.981768568153268,-0.505018609027692,-0.0104876202286143,-0.282022240053125,0.426231919584074,3.37017859039844,9.60501616818286,-1.20688771910994,0.222889913151436,-0.605505011841051,0.371341910359034,-9.81081884873334,76.9461040667022,2.84109535814603,2.19552448870339,-0.546887554846084,3.25541889363314
5.9631186309228,-0.0920172875686882,-0.413544490170252,0.0235743039332665,-0.262199284745153,0.402025860421685,3.25406425782578,9.77169928802794,-0.624654688937487,0.197559607651696,-0.479975038068726,0.20733654049441,-10.1817731887624,69.831661839666,3.02323165250388,1.90193038204387,-0.45887370956282,3.10359607434698
5.81351692170972,0.902403585189322,-0.365527834299083,0.0622770275413347,-0.246009792227149,0.385452485643176,3.36095337716031,10.32256730441,-0.102797961067588,0.186639513678787,-0.379859082240617,0.0285575094683869,-10.6409175472771,63.6930690720548,3.07063623982841,1.69074647162382,-0.400508697605249,2.97730625644204
5.67633324455414,1.98231829829697,-0.371404145304618,0.10556139855669,-0.231939385894434,0.376712976385843,3.59384041803811,11.2567916972643,0.360759257033636,0.192010727865454,-0.303882280257158,-0.164122843555655,-11.1716759016742,58.7102734411416,3.08508017095396,1.55524022298162,-0.368910883348571,2.88650140100347
5.53053969159839,3.13462915641631,-0.426618414124295,0.152802862956528,-0.21853520214172,0.375838806470514,3.85371578990183,12.566985303234,0.772800307792772,0.212722566222033,-0.247308463300309,-0.370276398723255,-11.790553685307,54.9273224610902,3.19903669098657,1.47792091414923,-0.360269048977108,2.82842975291782
5.3544041831948,4.34575772899573,-0.517154937295902,0.202826141062467,-0.204432810851414,0.382355559586851,4.04360669662499,14.2231697935935,1.13674767607685,0.246121102191152,-0.204389060385588,-0.588356371729591,-12.5230790792308,52.2753906143048,3.50516033807721,1.44235179723788,-0.368603221543311,2.79045116007885
5.12280591410914,5.59736354416714,-0.6264647012919,0.254194974626232,-0.188428738341858,0.395096355767741,4.05752794961189,16.1847949527814,1.46235509283321,0.287794746267091,-0.168625034647782,-0.819729442896414,-13.4004678305669,50.6359536267076,4.03332157019143,1.43518915246957,-0.384286126221746,2.74662414233288
4.81255618729466,6.86811710406417,-0.742421997173251,0.305768663523404,-0.169648920956104,0.412567708747071,3.78405053190895,18.4260280010786,1.76013021392918,0.334072410273021,-0.13498195653438,-1.07114391023966,-14.482542575167,49.9104096614983,4.7533189699754,1.45195936875536,-0.394555945643636,2.65954620615749
4.3993166222629,8.13425047024457,-0.863182402865241,0.357112535953946,-0.147196565853019,0.432802136681828,3.12754180160985,20.9338872069711,2.01787815722635,0.387180786683433,-0.102584113409484,-1.35210482792317,-15.8199926415403,50.058944963478,5.56064218193835,1.51009022372185,-0.384163542823333,2.49607015120535
3.85233890977083,9.37060531770981,-0.991439702973226,0.408083419157683,-0.119804140213426,0.45312520328944,2.02858894555504,23.6824071929247,2.20632705623882,0.453794820080222,-0.0717434710293497,-1.66990998767502,-17.3824401841736,51.07414817485,6.32260369634809,1.63794759036064,-0.338200561054335,2.24244807895346
3.14134231653413,10.5511171558435,-1.12010300690373,0.457832730118042,-0.0863052222968715,0.470794129912044,0.476558523608321,26.6152298929874,2.30100106665451,0.538138111587817,-0.0400011150389774,-2.02396776010032,-19.0471511639744,52.945138200511,6.94309958023671,1.85269280700421,-0.246127296576516,1.90945531173514
2.24235436735439,11.6445955425193,-1.23074378547133,0.50459073240323,-0.0460509955836639,0.483369142122337,-1.50683072312005,29.6472999473583,2.28602512026687,0.640071565232679,-0.00256569500023654,-2.4068364878763,-20.6447355463326,55.6776346852919,7.34291925695228,2.1609201326322,-0.100471829868464,1.52238719116585
1.13464334483073,12.6132486815527,-1.304255857818,0.546336033175802,0.00138788798501643,0.488406964992245,-3.89785277988294,32.6774363923574,2.16007161927015,0.756202200281285,0.046697062254289,-2.81212101015073,-22.0108549943284,59.3118510251004,7.43587064269722,2.56295909765197,0.105439315638157,1.10243644052904
-0.198989718183139,13.4107516272664,-1.32787470809647,0.581082069616845,0.0565145531956956,0.483329498199629,-6.6845914778784,35.5869514312417,1.94049589424275,0.880302444216481,0.114532669133767,-3.2387503550304,-23.0395168664455,63.8607149799688,7.14946049193909,3.04838838586995,0.376947831841921,0.64908443361056
-1.76739528668081,13.9794715284466,-1.2934174315975,0.606512007957718,0.119788840220351,0.465491636013467,-9.88012700540737,38.2251444945038,1.65656389222693,1.00307207525569,0.207296780758515,-3.69429956894191,-23.7282946185603,69.2296502513815,6.44784085359089,3.59197190665285,0.718194995116476,0.121839601712281
-3.56827878430614,14.256916651263,-1.19436197030362,0.6199233100134,0.191432343329636,0.432437447389044,-13.5131921327129,40.4205867175057,1.33760566629101,1.11316961117457,0.329872472943849,-4.196943797791,-24.1640202343611,75.2389299440717,5.35445235769124,4.15629854131708,1.13010385614348,-0.553871312685693
-5.58610575410915,14.1845135028261,-1.03279932650917,0.618837296287043,0.271605696645581,0.382288690067966,-17.5751877248217,42.0106166683281,0.990459261125466,1.20342993526711,0.484775308188912,-4.76806674395678,-24.4451976965396,81.7039387794093,3.95131679056917,4.70752086293801,1.60768328643945,-1.44712027071327
-7.78808586672995,13.7137898749299,-0.825143290667381,0.601359439485859,0.360494098194598,0.314100871644883,-21.987618890529,42.8555560307742,0.598699767282443,1.27299395860231,0.673316488692051,-5.42414785077362,-24.6265057166274,88.4500083359606,2.37500197456827,5.21982910701722,2.13904420117528,-2.59481829068394
-10.1217991739585,12.8178599726715,-0.592121851658081,0.566051481784735,0.457641023257158,0.228300850132275,-26.6145902954982,42.8435029127062,0.146207082144563,1.32110979293456,0.896294377547785,-6.17502858911757,-24.7235324578484,95.2675010529912,0.798406179753522,5.66569468893561,2.70620617384958,-4.0047001875183
-12.5171248535035,11.5053891282566,-0.340917313019811,0.511963710857664,0.560859315833484,0.127103035886946,-31.2743289795173,41.9102759114546,-0.362898156068387,1.34031709761288,1.15148204653963,-7.02120368714071,-24.7307361204352,101.906077235635,-0.629459021449608,6.01321975578729,3.28638712768453,-5.65488745545387
-14.8831371002158,9.82687583872334,-0.0596091858498588,0.439281071162694,0.665431079163487,0.014825679437557,-35.7404266928482,40.0840194016383,-0.890320239182039,1.31499283886522,1.42909943341026,-7.94510505401504,-24.643184464898,108.153924361658,-1.80261386515275,6.22788622871973,3.84877442112132,-7.47799920056261
-17.1002041639157,7.8760716636779,0.265647969995986,0.350612552177634,0.764386979461376,-0.101931484109871,-39.7583438013298,37.5259813201225,-1.38148651555964,1.23200078564496,1.71022433238845,-8.90158678974268,-24.4883741795351,113.913296562811,-2.66473705700405,6.29077573612482,4.3576228996287,-9.35128713639081
-19.0243099161367,5.79311219222397,0.633766288220369,0.251948660634943,0.849574723949086,-0.2144562559776,-43.0750013048432,34.5371461732982,-1.79530517832697,1.09265524712233,1.97022463896186,-9.81438114089857,-24.3190173747489,119.187746720853,-3.25323348137365,6.22114473301227,4.78280348214,-11.1015901427974
-20.5054027048295,3.76304891773803,1.02831109193987,0.15257387939428,0.912742334609113,-0.312521022609899,-45.4600498098945,31.5329986651725,-2.09939242950226,0.912753335211851,2.18252599297717,-10.5789944745081,-24.1702514489359,124.024027487421,-3.67725034853516,6.06869181505085,5.10039055681886,-12.5169872347764
-21.4074973561923,2.001891861947,1.41342631451546,0.0642927502287684,0.947145420504361,-0.385320103435438,-46.7270552603423,28.983284708231,-2.25958751394025,0.72011229638163,2.3230490147562,-11.0745216612291,-24.0626440867515,128.468427715955,-3.99277948124618,5.88856393641271,5.28756056039501,-13.3751376259236
-21.6296995380693,0.722558852807428,1.72372160223697,-0.000446014134426777,0.949697918057431,-0.423206564173016,-46.7724465221069,27.2973273486529,-2.25346973435701,0.553791568189357,2.37782574918365,-11.1913572952499,-24.0625715436169,132.518907354935,-4.10125371085756,5.72482462030774,5.32668668739773,-13.5033104684584
-21.1320488013282,0.0797289776753605,1.87739470344366,-0.0320755138403935,0.921994753855676,-0.420460987000182,-45.6153790080617,26.6923566204049,-2.08312199706769,0.454215576700092,2.34797147043795,-10.869762082611,-24.3254984835026,136.09233637847,-3.79362135206092,5.60325530731713,5.21516049543192,-12.8465672666682
-19.9532040442087,0.119536381347705,1.82091659029239,-0.027446042568374,0.868869438916513,-0.377521208845207,-43.3989838065276,27.1595231205262,-1.7562204417606,0.442727283519829,2.24469596526341,-10.1230060464626,-25.04322980462,139.115879885682,-2.87104175991234,5.52277723495772,4.96338039704723,-11.481118261711
-18.2046403564102,0.762360827095958,1.56805392977792,0.0089260986195512,0.795790451257122,-0.301229518200416,-40.3451868051255,28.5459585848131,-1.2577258041562,0.507193982927614,2.07941677468077,-9.02924230541874,-26.3255079545604,141.691367123995,-1.25631341280836,5.45543941540889,4.58434238009089,-9.56157235482551
-16.0531727083176,1.83141694294978,1.195271370177,0.0667772886583901,0.707956771853161,-0.20299495130978,-36.718976516869,30.6203677909925,-0.56251451542362,0.608931049745141,1.86208325861019,-7.71112383640402,-28.1676948840759,144.081306390303,0.921762720659456,5.36862801848298,4.09777089750592,-7.28198003886184
-2.26224602891891,-49.5337016494927,8.70189248240248,6.93897026658046,3.42559412206046,8.80297510552173,-21.3910132592829,-19.5970655136634,8.21596246999821,1.8967733877773,2.73654283600407,-0.529029163325498,-19.0853580666347,93.7762851142706,11.2568926793493,0.120271295850883,2.55874305100257,-4.03944383449834
12.1413327679868,-118.398954062225,3.83494977218283,4.14349549579335,1.58010123770372,11.38091701194,-5.53271812587102,-87.4341956568285,4.6529675688409,-2.62399471832762,0.807523134453801,-0.923585997815255,-9.89183401911105,25.6067109396358,9.01677649456103,-8.03801308295115,0.246304485252154,-11.3087655951722
31.6096733887747,-205.825360346823,-3.22537142895426,0.565509468819696,0.235960535661351,14.986799969686,15.1334211240869,-174.301508610868,-1.26983302459363,-7.98327607380006,-0.675460083255184,0.951781393677322,3.95792999774322,-62.1336324122486,3.89901725783241,-17.7944299299183,-1.57381970237908,-18.0181222800384
54.7738463856288,-299.256095688188,-11.0353293459142,-3.32214374743617,-1.08429317082553,18.9388671761709,39.081137313212,-267.925812639807,-8.25831616209644,-13.618020662059,-2.37114840367852,6.15638337648478,21.0644849957538,-157.861447454948,-3.00004685000185,-28.2351834842127,-3.68600105851234,-21.5724431607241
77.9396373144965,-384.821131872615,-17.1132127752011,-6.96081767002993,-2.26208440021012,22.3060313529931,62.4995415596788,-354.532844161712,-13.8645647545767,-19.2519008274032,-4.26752019996113,14.0578342812661,37.6618988935178,-248.579607343577,-9.21471774655913,-38.9305237740737,-6.2274738317714,-21.5654472025142
97.69854934613,-453.677484906386,-19.2231929443076,-9.95575181087458,-3.09093326150324,24.4185731676801,81.9115914208529,-425.14190049665,-15.790747335669,-24.9621005501694,-6.12568593811363,23.1229406742994,50.397306154812,-325.660222055912,-12.1960900830905,-50.02420070271,-9.09662257478643,-19.1220772883116
113.179142149484,-504.197254622858,-16.2972934759407,-12.1758049690106,-3.49613914251249,25.1072656051072,96.5162654913498,-477.762848817917,-12.8982967105524,-31.0041330866859,-7.75502352962211,32.2178217905097,58.8703661815665,-386.636765925231,-10.5074649089644,-61.9115466968251,-12.2375614360709,-15.1298305442248
125.23121692079,-540.728314864933,-8.7375009172884,-13.737727904299,-3.56341122467528,24.5590393331158,107.466843259193,-516.273345479552,-5.56987691224086,-37.5892261889431,-9.07121191642142,40.7665604388798,64.9394878128584,-434.160087358477,-4.39936468102004,-74.8481162479317,-15.5862306986614,-10.145110986643
134.68390211984,-569.354453710791,1.64978423636169,-14.8498671861283,-3.46048959127932,23.0651175834794,116.048104990509,-546.38998077019,4.38075719007007,-44.5295932115797,-10.0423988386797,48.4389645093626,70.6238342701699,-472.524453286425,4.28175979911428,-88.3545597785494,-18.8880226112076,-4.72069665578817
141.226689038179,-593.393473472353,12.2876523484309,-15.6211141428269,-3.32356036639242,20.8825868020848,122.347425867489,-571.295654258206,14.4051022148712,-51.0730715645178,-10.6270521781675,54.8208962724592,76.4066894364254,-503.872368351864,12.9609488569532,-100.968697670272,-21.6510443588653,0.449078432720427
144.020573925633,-612.974621370673,21.1432633470232,-16.0649842780663,-3.20049527060671,18.2120693056283,125.707221857732,-591.183623692946,22.5497657398159,-56.4146743380972,-10.8033847266704,59.4674317041206,81.5210794244297,-527.962541543206,19.7620218114959,-111.1817695216,-23.4474695615228,4.74333658935473
143.051859155911,-627.607546758907,27.5823044831161,-16.2094286112579,-3.08742465423383,15.2475967310666,126.054956632015,-605.727031098987,28.2797454160954,-60.2859920604589,-10.6323420244635,62.3025710766701,85.3595389820406,-544.531566008884,24.2788608472735,-118.508614910496,-24.2291247369974,8.05175810583303
138.90041344715,-636.729258427497,31.5521468884678,-16.0776260108446,-2.970246319981,12.1677922655167,123.750755617841,-614.546415743454,31.631097939566,-62.6382740078189,-10.2029607187233,63.5090920725145,87.5323849271586,-553.570612920233,26.6507306173335,-122.898285850173,-24.1171271520345,10.5653430294563
132.197942238905,-639.714597423552,33.2660006782769,-15.6699815350459,-2.82972788425958,9.10517023226382,119.156032732511,-617.175305464824,32.8753314957371,-63.4986924102607,-9.58560351927825,63.2894890562141,87.6687885521614,-555.188091876385,27.2041552258364,-124.461439147131,-23.2628588894616,12.4316866007156
123.705598157087,-636.233889954848,33.3369893902757,-14.9918621475986,-2.65558413849823,6.12851131776035,112.792741588738,-613.391929460128,32.6400691454745,-63.0731149652736,-8.84429654791555,61.8813167695119,85.719044608104,-549.848301177493,26.5705750773197,-123.640473506731,-21.8850985661752,13.8174322041264
114.135200474723,-626.254293487914,32.3953610598541,-14.0481606841604,-2.4494417363306,3.25648613842776,105.198210919202,-603.201199875168,31.5268042031427,-61.5884314850431,-8.03039549399359,59.4974675652064,81.8363699627143,-538.180660673122,25.3161951037088,-120.905372056084,-20.1830462023887,14.83661899881
104.115732700019,-610.02467522911,30.98747739132,-12.849161228719,-2.22191582820614,0.480491460969958,96.8956151714176,-586.829394751747,30.0276551979089,-59.2614992038539,-7.1863289930282,56.3287259116779,76.3492785561554,-520.83001486788,23.8991554900647,-116.689789092816,-18.3238230424761,15.572975302635
94.2084050412906,-588.043410655486,29.6661645128306,-11.4227205666463,-1.99019542647215,-2.1994351336304,88.4040562775718,-564.739326522951,28.6395252159631,-56.3515357421826,-6.34747473244843,52.5799705931149,69.7815782996677,-498.448324026623,22.7951401391369,-111.48770732014,-16.4603912843144,16.1387620719418
84.8251724129328,-561.194153881109,28.8748301222015,-9.82002238729089,-1.7749928236854,-4.76194994504958,80.1495218869664,-537.802115854355,27.7669599332144,-53.129895224899,-5.53990701615736,48.4529133901884,62.7412807475664,-471.904855247302,22.3603479271768,-105.797909599447,-14.7059243441458,16.6152231115598
76.2119562839781,-530.990799469337,28.8073910165846,-8.11778318341335,-1.59567953762696,-7.14743912063146,72.4259223301023,-507.539995387892,27.5952261870934,-49.8408094782634,-4.78287082256817,44.1682420401488,55.8045832906529,-442.576542615949,22.6961817121565,-100.056104186628,-13.1197503112304,17.0408853307993
68.4077430191857,-499.463382152223,29.3984117472767,-6.42036371292916,-1.46629425513242,-9.2807217315267,65.3196696039421,-475.995729264872,28.0846505964603,-46.6921895351872,-4.08747268254378,39.9270198369162,49.3328042562682,-412.2946351502,23.6974191582957,-94.6189345703593,-11.7071560578827,17.367026235396
61.3375852758322,-468.847103721924,30.3881813710955,-4.83479448465176,-1.39167047488627,-11.1076556308844,58.7944004199716,-445.406956612835,29.0215293382859,-43.8347470480517,-3.45993114157779,35.9022614673153,43.5084799491717,-383.092800132323,25.1313620645778,-89.7381469383923,-10.443096780173,17.5234826151035
54.9051289389028,-441.207891131904,31.3538382380364,-3.44455460811538,-1.36475131349801,-12.6379112384726,52.8024065772033,-417.824891923069,30.0264185616516,-41.3210077618209,-2.90682651515497,32.216875386866,38.4847560793117,-356.832234609835,26.6274128322519,-85.4865986310653,-9.29477568326862,17.4836634472302
48.9999378105727,-418.058074696426,31.8164433122793,-2.29052487761779,-1.36673419115091,-13.9501010284741,47.2921474121908,-394.736153730268,30.649511434583,-39.1038144322724,-2.43226173433083,28.9135375569341,34.3991813078028,-334.808683140644,27.7583570031292,-81.7594917132873,-8.23303471792383,17.2565921002829
43.5503840211051,-400.077299311403,31.3794523032641,-1.36765454720338,-1.37185412247221,-15.1518934465253,42.2362040638625,-376.798688354627,30.5100587915565,-37.0718124073658,-2.03695544729275,25.9833853351125,31.3265949983619,-317.526122865027,28.1821330693075,-78.3450413640915,-7.24371179751909,16.9052040557853
38.5601510556063,-387.141180678954,29.8133056258898,-0.641913620299334,-1.35357536819912,-16.3350218466041,37.6462334926784,-363.88351887812,29.376958485079,-35.101048982717,-1.71877448576515,23.4091190738331,29.2304422949585,-304.794391424365,27.7223498246099,-75.0147909710228,-6.32917373070245,16.545665355315
34.0517431957961,-378.651907722551,27.0996809712037,-0.0782688275467081,-1.29159608654524,-17.557722956531,33.5149041834157,-355.403397935104,27.1961323736196,-33.1170695010983,-1.4710122371903,21.168628805901,27.9154738839553,-296.055367206576,26.3547091547915,-71.6196816006654,-5.49636118583481,16.2803538771762
29.9579040966332,-373.926597799151,23.4996205402215,0.361617568744233,-1.18050157831791,-18.8693525441794,29.7338438236786,-350.689793878096,24.1563466573241,-31.1421605403986,-1.27734543991822,19.1916628598537,27.0179824968045,-290.724354756784,24.2221199098788,-68.187783383339,-4.74247476766091,16.0991560813125
26.1579759803398,-372.436458497256,19.5458886982555,0.722542613511468,-1.03466132005472,-20.3186525797462,26.1702192990572,-349.225681323622,20.705231958403,-29.3068561635238,-1.11558308168292,17.3902653022826,26.1631986557005,-288.413821885611,21.6641307656505,-64.9643976300251,-4.06007813888345,15.9414335596183
22.59961010937,-373.79106371995,15.8882547739206,1.03069856398967,-0.885055254116793,-21.9423110908177,22.8049137932466,-350.626781028203,17.4138229909243,-27.814724825766,-0.969439336905279,15.7238711963267,25.1582164545974,-288.90909142695,19.1194942006919,-62.3274739343968,-3.44985889559681,15.8307363047896
19.2702235042081,-377.536961077876,13.1322892649467,1.28969802198992,-0.770604183042283,-23.7377004694528,19.685821265452,-354.441590806103,14.8245601606075,-26.8707854579623,-0.828506984751295,14.1991131349068,23.9846577358044,-291.957784577775,16.9862371557703,-60.6403409277583,-2.91071890807839,15.8700991807376
16.1585527550187,-383.097217719481,11.7096152389005,1.50078789084407,-0.728184073624843,-25.6591319828443,16.8597045649412,-360.096335878807,13.3356297233138,-26.607890371282,-0.686145822281313,12.8487835709001,22.742675497218,-297.189993572751,15.537672789308,-60.131338179493,-2.43221213825549,16.1916841926
13.2208707327394,-389.923822350147,11.7428221542706,1.65920307935083,-0.780224007658721,-27.6470697663342,14.3172994295872,-367.046529871749,13.0723726563006,-27.0466866207443,-0.538694781596982,11.6989331905437,21.5355283560342,-304.195173400147,14.8613716303383,-60.8232630400799,-1.9919359659734,16.8858996214583
10.3211372644562,-397.603054201645,13.0431546160017,1.74932080150894,-0.926908343220357,-29.627320543067,11.9281901162836,-374.876643492066,13.87862703875,-28.1050241525582,-0.379007751737462,10.7567937510031,20.306828650824,-312.555350414146,14.885566282494,-62.5514123678052,-1.55020311841727,17.9489116815687
7.22832557239235,-405.798510752478,15.2707709613645,1.76830503619937,-1.15178543281817,-31.5364025710408,9.44504337616617,-383.237622111458,15.4729162104725,-29.634135016112,-0.191633488757921,9.98315652137805,18.8250669853213,-321.800124151102,15.4855729163119,-65.0507586864913,-1.05325920772249,19.2563507910054
3.6520540176924,-414.207123421542,18.0795231570559,1.71160520601387,-1.43310042944948,-33.3590031994149,6.54585245989817,-391.798681214291,17.588889751511,-31.4874926806192,0.0455278485556466,9.26711913888954,16.7752334238791,-331.418161483603,16.551693218526,-68.0683156572534,-0.442168176583207,20.5627379295471
-0.663840161728766,-422.654265197914,21.2247885240728,1.57715463715425,-1.75341398436558,-35.1207257155458,2.92826831830606,-400.346266665488,20.0686876744746,-33.5635682063199,0.356217144693053,8.48076276992184,13.8629392750098,-340.979703481415,18.0646469115989,-71.4482201825563,0.336964414716187,21.5986879096266
-5.80097041017681,-431.301350022811,24.6275409679408,1.34948695186644,-2.10657029483909,-36.8916180346787,-1.54744975151867,-409.00468564764,22.9093378426925,-35.8586506264394,0.75732789130868,7.55583697458977,9.92875140356147,-350.367996545678,20.1247096707286,-75.2162902277977,1.31959351621912,22.2136744357652
-11.6493713666259,-440.599883262315,28.2986926468372,1.00231146105579,-2.4928532421336,-38.777016200409,-6.83010757058426,-418.200140512914,26.1808240404601,-38.4318128492908,1.25593166279931,6.50174483271232,4.99113289358745,-359.791583233207,22.8285341787577,-79.5026627053654,2.51910661133903,22.4212375628985
-17.9878192544796,-451.062237890827,32.1561119524834,0.50505666025364,-2.90455559992245,-40.9007452482661,-12.7384322097234,-428.431610195425,29.8520721958522,-41.3138281956592,1.84840986748479,5.37158781120034,-0.742397820904552,-369.60518858822,26.1184451336981,-84.3670638400668,3.92262027443231,22.3540008698869
-24.5579141887467,-463.119425965761,35.86642755982,-0.160115338935512,-3.31191376884211,-43.3889715749169,-19.0204435828484,-440.124098251101,33.6407816086291,-44.4211365973656,2.51697953481921,4.23455051892051,-6.89607329529921,-380.183500987202,29.7111788901536,-89.6535018539042,5.48004382861985,22.2144832294126
-31.1072553343395,-477.064381731142,38.8842632805144,-0.980318899494982,-3.66256751596317,-46.3263516796934,-25.4052526596531,-453.568456424666,37.0365273226343,-47.5483592892123,3.2300956743719,3.19184327881756,-13.0347584824548,-391.869380093712,33.152429768555,-94.9917487174413,7.10435368573868,22.2576016442325
-37.4377633543774,-493.072244822818,40.635324798653,-1.92737576829666,-3.89375752102131,-49.7453096252417,-31.6643526092732,-468.946173066496,39.4545902946541,-50.453094834526,3.94939093247622,2.36590958964531,-18.7912212190682,-404.982764386192,35.9139784109833,-99.9357289449108,8.68853011354926,22.7449972520062
-43.4409891681538,-511.257467033076,40.715707113118,-2.96548837235108,-3.95002424402465,-53.6347942091204,-37.6390905028211,-486.395622419284,40.4324352967255,-52.9443278613316,4.63908249638466,1.88461367625174,-23.8845585774164,-419.833640711162,37.5123170276251,-104.121299484041,10.1286172865013,23.9219418846357
-49.0781898994045,-531.642933697095,39.0171519885215,-4.06556575985231,-3.80029001051046,-57.9638806076572,-43.2113758317025,-505.981507353111,39.7732033899081,-54.9433707618273,5.27044563608988,1.86078721925101,-28.0751323610289,-436.655806176561,37.6432223696513,-107.378091348422,11.3408810669062,26.006887381865
-54.4572601538916,-554.044315485736,35.7722254217906,-5.19090274685338,-3.45066203209143,-62.6779722021275,-48.3842788498949,-527.578385002865,37.5992914924781,-56.4756614336761,5.83115255293937,2.34693932264935,-31.2899064416792,-455.50775451373,36.2753724755312,-109.738190520305,12.2915220235389,29.0969951572738
-59.9238086446836,-577.814499898162,31.5620169654169,-6.30075245601742,-2.94946260777557,-67.6410151507043,-53.386499073206,-550.616112244092,34.3711481886347,-57.6558242919148,6.34128558880856,3.31182135156646,-33.7522939556088,-476.030515951202,33.7131347837483,-111.4140203163,13.0321160261358,33.0719604738879
-66.0330551636536,-601.679455243416,27.2438791961505,-7.38420919492306,-2.38234034141362,-72.6305894326384,-58.6622339018966,-573.893780334122,30.8415624717159,-58.681426883177,6.86011023196517,4.61202739928997,-35.9268687579248,-497.213485393885,30.5922815491872,-112.764112118092,13.7086072128916,37.5426797705923
-73.3353312519842,-623.884213470064,23.709544759601,-8.4519645757106,-1.84910565820346,-77.3916357774335,-64.6691730711541,-595.692280220935,27.8371640835558,-59.7446562794199,7.46518274776648,6.01989658712705,-38.301523184704,-517.439856126341,27.6797312837823,-114.132580551366,14.5089329487225,41.9476200124413
-82.1669949309498,-642.697438287454,21.5851789361436,-9.53875139611384,-1.42331319137426,-81.6728766547319,-71.6810032535352,-614.278011898775,25.9712321702451,-60.9624061852315,8.22686296814745,7.33769452453332,-41.2441748178966,-534.979005715201,25.5983846936089,-115.715421186906,15.5950756772902,45.7679147338888
-92.5333506377987,-656.775638055396,21.0559245351519,-10.6774792072701,-1.12690171571559,-85.2556803407562,-79.6898286019592,-628.286905622635,25.4746222870052,-62.3190517240967,9.18418858570664,8.47796878324528,-44.9486576541902,-548.399823150071,24.6671930204079,-117.47734755393,17.0495186307373,48.6736695709681
-104.074726862975,-665.195063651523,21.8048224639485,-11.8753310215681,-0.920102326538574,-87.955503159223,-88.3875815065273,-636.76144887461,26.1218848612557,-63.6301966841577,10.3242174807816,9.48693248619508,-49.4016570629758,-556.629393834536,24.7918480520584,-119.091304937877,18.8349748783191,50.5643848192757
-116.121703236459,-667.218732446567,23.0830810044329,-13.0956013820834,-0.710731513173657,-89.6039094392925,-97.2067023120933,-638.922817364856,27.2645035315357,-64.5397056111798,11.5690419099019,10.5019560513398,-54.3448578845958,-558.759384634131,25.447767196194,-119.927534721739,20.7754668486284,51.5061101811499
-127.798358122911,-661.85008176512,23.9161399726786,-14.2362058728426,-0.386115885762621,-90.0065141252688,-105.389447639345,-633.74056268565,28.0014574057807,-64.5494799509401,12.7747247135527,11.6592145464812,-59.2483962050783,-553.670158143365,25.8309126240131,-119.114408934546,22.5715437959241,51.589400202853
-138.04712319239,-647.471978883663,23.3498695821566,-15.1233256484659,0.145955464450613,-88.8747223569431,-112.008668338767,-619.577905018941,27.4029032450757,-63.0871233654806,13.7366340790351,13.044341584012,-63.3063080036478,-539.706199237794,25.0669341588637,-115.662009436355,23.8339786631519,50.8478276033664
-145.594122416166,-621.903087637376,20.6765543527802,-15.5239612040084,0.915988835464078,-85.8328174712029,-115.952389379197,-594.238647910169,24.7263988305004,-59.6130868470295,14.2011171577287,14.6602950529538,-65.4795474519987,-514.691346987807,22.4110565702863,-108.650163971173,24.1301687452752,49.2504840312976
-148.928517708341,-582.953018986331,15.6806640539796,-15.1800960018496,1.85104166448518,-80.5232690049928,-115.899754964843,-555.507272632322,19.6748687168977,-53.7831268329703,13.8988566123911,16.4186224785263,-64.5592454921464,-476.387275837083,17.508617551179,-97.5224923635391,23.0634751257353,46.7934473302083
-146.480934909044,-529.269620138554,8.85085000333875,-13.8739209450277,2.75379281871809,-72.7506583248111,-110.492107431979,-501.991526687124,12.6277560989824,-45.630418063642,12.6201464478559,18.1357472462774,-59.3705658678216,-423.281993986176,10.6506060768141,-82.4106748072678,20.4035630196125,43.585654140916
-136.9778967015,-461.345448160448,1.40522348220264,-11.5285483272088,3.33419588730423,-62.6485089388136,-98.694967212089,-434.140700387644,4.6878837053028,-35.7015230490742,10.316111324962,19.5550716979755,-49.0792060133502,-355.601413740619,2.86430475482279,-64.3548275432683,16.2203559569068,39.9217147063205
-120.005135647803,-382.297615829985,-5.00621315070837,-8.29842373003233,3.31298283761872,-50.8007696663821,-80.3336385856539,-355.033054474735,-2.57210003010153,-25.0362981265264,7.19015238845589,20.3795866255095,-33.6461309666718,-276.104902836391,-4.30359615093687,-45.2353646588917,10.9629098776931,36.2379846951541
-96.7059850735037,-298.038574957378,-8.9015373608992,-4.55983844545115,2.56053162445859,-38.2289498934614,-56.7196831892468,-270.556132550785,-7.66680052439408,-14.9052438493092,3.70956649422414,20.319614184673,-14.3990385773206,-190.332752952436,-9.33924812252813,-27.3026972270724,5.41098653880408,32.8997927797458
-70.0662435694732,-216.202836106856,-9.61032365814163,-0.818365123698245,1.19991601011357,-26.198796261056,-30.8903232412365,-188.36786098631,-9.83533597047171,-6.40866758400569,0.488036917433381,19.1298037264589,5.74426656103778,-105.698524241186,-11.4185917400053,-12.4557946024378,0.465570057561339,29.8897715708163
-44.1033039618983,-143.699810092004,-7.51876032754844,2.48213123590915,-0.440747778465811,-15.8515858638743,-6.81438336668594,-115.464191138882,-9.30613323927915,-0.100016818169682,-1.95452288037431,16.6491008084318,23.0545277575248,-29.1760518336475,-10.7081704941478,-1.59807345511212,-3.17828369553977,26.6964344465111
-22.1585185948779,-84.7667126196809,-3.72380803697221,5.0970986499216,-2.00975478773768,-7.87684575533079,12.2744386072757,-56.1950643983124,-6.98821914858122,4.07124345073016,-3.40427695459352,12.9840122018465,34.616134469412,34.642114629919,-8.09251978865151,5.42989579074973,-5.28598764909083,22.8047687018685
-5.77469059227028,-40.6897149848446,0.505394191565277,6.9837895238141,-3.30431057780852,-2.40821526298557,24.9873788115796,-11.9444044400962,-3.98298969679777,6.53897398922207,-4.01026745220227,8.62542016783934,39.3847155848081,83.9341396984557,-4.69032027285389,9.45163574256964,-6.11261918981587,18.2196562728991
12.3985872177768,4.17399548327298,0.0713107062274056,0.237202740033571,-0.7131974338121,0.539385866337617,38.8993302548994,32.8647149667109,-5.27186561833506,1.22558368568757,-2.0825797031904,0.872129317478414,45.3064695566709,133.774084124603,-5.51042120670709,7.22820696854441,-4.81715382836044,11.7514141355785
12.4822946512843,2.99155460465078,-0.274664827511683,0.184703215132024,-0.722788475760901,0.569709035484547,34.4254808549817,31.3598533212852,-6.05091934023513,1.1828224513518,-2.15496188331141,0.538472225987823,33.2016413371912,136.822693298585,-5.76390746794307,7.38179701835193,-4.41563443153488,9.6237706469351
12.3690289119491,1.78680968321683,-0.527890499611829,0.126944315002712,-0.717790207497056,0.600316609476133,29.7578161193302,29.5271689259508,-6.33562919252681,1.07521489874322,-2.13811345653036,0.302964776476721,21.6331261820295,138.681699880607,-5.48550746204025,7.26123492036458,-3.90423396380739,7.67230396223077
12.0152720713191,0.565749157780071,-0.701594158066915,0.0659600395615859,-0.695283203802659,0.626313364277701,25.0897197438384,27.3306973571961,-6.21545760055642,0.925518189423701,-2.04254977165007,0.183054181572127,11.0816869880511,139.025473689244,-4.7985775590526,6.91676068976633,-3.3284914541553,5.99449823227633
11.4305632750047,-0.605899696128361,-0.825111061660404,0.00771473860576288,-0.656707352860422,0.643765549728292,20.5797837357219,24.8240460338656,-5.81948490932828,0.763391449695434,-1.89347552232488,0.166978312091526,1.92076327083463,137.70287923843,-3.85830210512718,6.42576993392353,-2.74166707101391,4.62779530795452
10.6758720689233,-1.62739868687039,-0.931382358251543,-0.0401351055222073,-0.607219908474341,0.649823879158272,16.3560488641373,22.1569753088993,-5.28766856970266,0.617291044426054,-1.72310987174307,0.217339313120846,-5.58584610382442,134.709468596442,-2.81609778165859,5.87289834128549,-2.19441119355204,3.56189365923861
9.8315580473084,-2.41534828588133,-1.04291522471482,-0.072034308114266,-0.552919856189494,0.643086066183591,12.5254597067153,19.504883501883,-4.73948774706964,0.5060447138892,-1.55947513868055,0.291630256707649,-11.2918606665272,130.100276354597,-1.8032677659451,5.32779718883122,-1.72345181454052,2.76745122183564
8.97729359775657,-2.92634837563033,-1.16642202306886,-0.0860173356762424,-0.49905604804342,0.624094973765615,9.19961327415579,17.0066721413641,-4.25521602331691,0.436780559784447,-1.41999597807734,0.36065938774937,-15.1623979288742,123.976506283499,-0.914663600025412,4.83394083630707,-1.34801538758078,2.22302542242949
8.18038964528905,-3.15090709842601,-1.29685906325184,-0.0829994846634664,-0.449292194404581,0.59509538347453,6.47772991316015,14.7636005061512,-3.88326322461177,0.408759307601036,-1.31235468936911,0.408443214078133,-17.3264229386945,116.545278689876,-0.20822582763528,4.41547412277991,-1.07131324945074,1.90387546210401
7.48605987918556,-3.10209595064666,-1.42472184244004,-0.0655573391619568,-0.405493322397835,0.559263636257673,4.40639416373825,12.8504961152184,-3.63756678992145,0.416366917543649,-1.23552066312778,0.425992502056504,-18.0893328837114,108.13491573281,0.299800894651125,4.07972981510924,-0.882128897145603,1.76582646971774
6.91694260950127,-2.80816478243086,-1.5424809462553,-0.0369410319719843,-0.368134364106566,0.520201394726067,2.97123826889884,11.3084251356311,-3.49860694137511,0.451294883732494,-1.18221028004953,0.411228756776228,-17.8495237999327,99.1532526557939,0.622893512107808,3.82027915354152,-0.760591234775258,1.75512134018598
6.47844890439356,-2.30508078709118,-1.64852728785065,-0.000253758891504918,-0.336913389574824,0.481557707517249,2.11007211436217,10.1611010647434,-3.43412085302747,0.505550238222266,-1.14404705147891,0.366134633613243,-17.0258983879924,90.0582998564243,0.786859860169592,3.627501675717,-0.68552529025424,1.81909199239502
6.16043482947186,-1.62844860879526,-1.74637793865707,0.0420253763003084,-0.310960563192766,0.446388875946702,1.72527925635617,9.44070650855624,-3.40811676573243,0.572355403027865,-1.11332404016372,0.290603169772134,-15.9971702687497,81.3292169051879,0.851585125542248,3.48921207108044,-0.638711953585918,1.911850665676
5.93919876017704,-0.810187723825047,-1.84168326487362,0.0880530295931877,-0.288947919284071,0.416757405875407,1.69717736457908,9.17619911604359,-3.38737716514617,0.646197806710459,-1.08364451915394,0.182852256776382,-15.0410443022466,73.3949963446677,0.910145963594407,3.39057515613667,-0.607514014316119,2.00225633682616
5.78409833252231,0.121211396925507,-1.94050956768045,0.13648971539333,-0.269393770063407,0.393845441114063,1.89781883251585,9.36008813305807,-3.34819414633549,0.723201940284539,-1.05080963227116,0.0445321654485807,-14.3412061783561,66.5338662761794,1.05777632247061,3.3166819070897,-0.584583575284882,2.07172389915084
5.66291131214685,1.14106196214766,-2.04735366105153,0.186346412796516,-0.250860536715837,0.378118894019866,2.20224174299899,9.94158520067365,-3.27157210823249,0.800350503559065,-1.0117621250279,-0.118567574469754,-14.016720996876,60.8273311531858,1.36998354524075,3.25179464499013,-0.565374756408172,2.10537124654482
5.54375544890981,2.22961404150866,-2.16337458726286,0.236850340302506,-0.232016505759934,0.36938871955199,2.49968973395054,10.8604213296175,-3.14509551669914,0.875204638978368,-0.964417739251623,-0.301575241453294,-14.1061149126891,56.2303339322606,1.87165691487497,3.18607148996165,-0.546394767734366,2.09261192899964
5.39597329567416,3.37331387954891,-2.28378934334318,0.287244929067197,-0.211686836443941,0.36693212284671,2.70135913471719,12.0852087331374,-2.96021447597655,0.944802277165112,-0.906782502399415,-0.505120488676157,-14.5749456109496,52.6780358502445,2.54060455496402,3.11698343739108,-0.523897649855842,2.0299704354736
5.19110255604613,4.56486605559493,-2.3947677287208,0.336518134579161,-0.188977273354074,0.369737582311435,2.73448306243539,13.6235769378422,-2.70430833693185,1.00366203090997,-0.835712502122684,-0.735929598715886,-15.3789708912651,50.1309363549598,3.33474652653058,3.04315422679063,-0.492508827809743,1.91461013389096
4.90528100131334,5.79763757853058,-2.47742662772722,0.383479543279652,-0.163503809716249,0.376877047881599,2.53669667606214,15.4991356270927,-2.37029613691925,1.04553969942293,-0.749286157162157,-1.00160268136127,-16.4815175691903,48.5629105460763,4.19020686329692,2.96719555284224,-0.445816291445504,1.74413622294906
4.52192326597739,7.05520785628498,-2.51753459399331,0.427144931372291,-0.135446781847811,0.387695738387839,2.06295491426669,17.7141406810661,-1.96785798587775,1.06740862972222,-0.649388070701424,-1.30236465701288,-17.813678971408,47.9388417234632,5.02079461500515,2.89982749461078,-0.378884458393587,1.52655839900429
4.02964329417563,8.31017078025574,-2.50865579481485,0.466972655096325,-0.10523128347407,0.401460549737198,1.27784129054488,20.2337005170631,-1.52504575938892,1.0713195913925,-0.541159164703089,-1.63139313106856,-19.2708849472808,48.2228443234827,5.71598412209598,2.86146236804655,-0.286987450484128,1.27648134096816
3.41559848334242,9.53487443714022,-2.44703595271467,0.502841817257947,-0.073116095771239,0.416881959056882,0.138487491568807,23.0042947228221,-1.08150829888711,1.0630014803237,-0.430233344130089,-1.98354284768251,-20.735567837562,49.419132568867,6.15188878774641,2.87950596187133,-0.162893775797386,1.0035141870366
2.65978538613558,10.7059987338045,-2.32828243181902,0.534884326691261,-0.0389253197101659,0.431947759875626,-1.3933900398612,25.9783412261817,-0.670209499916936,1.04829943544563,-0.319742021063487,-2.35842084346322,-22.0940812732969,51.5868965507293,6.24357294150414,2.97560763532555,0.000274944347761985,0.713867652634464
1.73405691350735,11.7958817322276,-2.14840437644983,0.563137103851554,-0.00191303478732908,0.443927076294455,-3.3306646764499,29.1039326488248,-0.306694222907915,1.03090038032758,-0.20956818008234,-2.75558721416257,-23.254894386011,54.7937071067019,5.97075628837693,3.15643170196725,0.205550567356847,0.413916360271096
0.608081244584059,12.7625994843047,-1.90522437784494,0.587125149528195,0.0391532751929766,0.449582396877906,-5.6663531215179,32.292838846833,0.00310202805211746,1.01278998533133,-0.0977200873871221,-3.17196216075358,-24.1405142718553,59.0567605113896,5.34402626008143,3.41749680379591,0.453222900771833,0.105022112894174
-0.741545182942313,13.5495027479278,-1.60148759581285,0.60580475101619,0.0858329081297513,0.445592954651756,-8.39009371324319,35.4159924856434,0.254408879595514,0.995595376708693,0.0185260614983143,-3.60530201594323,-24.6968824644812,64.3239153659814,4.39356327032043,3.74735380706248,0.742301788709364,-0.226507826699249
-2.32642557722201,14.0921872863502,-1.24839010566807,0.617721026573595,0.139985032074387,0.42886629895619,-11.494447899992,38.320332443385,0.445130999092581,0.980777473806011,0.142733408248162,-4.05904484644708,-24.945706045765,70.4879622581625,3.20697530059941,4.12409548054623,1.0696835735624,-0.618345559113154
-4.14513628578613,14.3276194235283,-0.864002143225237,0.620964079331327,0.203603900890564,0.396770688511289,-14.9731415448798,40.836152791642,0.574525309739629,0.969129003592752,0.279566653964959,-4.5449119334543,-24.9930354261096,77.3954914567853,1.93016512474663,4.51595967332909,1.43083700488096,-1.13226583977564
-6.18127797030685,14.2023034983664,-0.468031259918608,0.613083771253745,0.278314828880795,0.347448799753779,-18.8095989115397,42.7788738805364,0.635429730525108,0.960584710707753,0.434548048313203,-5.08183886563042,-24.9857097187597,84.8408151354108,0.704704562566661,4.89109634193615,1.82335594530896,-1.84329410376098
-8.40024332128726,13.6774571426608,-0.0765854369449666,0.591182842196242,0.364664195961932,0.280075738720311,-22.9511701585539,43.9638168463752,0.618662237869124,0.952140965001938,0.613340462641161,-5.69058171733843,-25.0583492969614,92.5788169486384,-0.385380004537822,5.22279922145306,2.24713967341557,-2.81734057856365
-10.7466875333237,12.7353025242608,0.302658784995053,0.552364063739875,0.461392877995353,0.195103823369161,-27.2888410239855,44.2402994919731,0.529031171136814,0.934478691881917,0.819658328113523,-6.38700437514022,-25.2714626004358,100.349695505663,-1.31086577706471,5.4850667242301,2.69823318028246,-4.08495746775729
-13.1427141687622,11.3890019521156,0.673049079843467,0.494657721709604,0.564898647317621,0.0946829655436132,-31.6499654914876,43.5306933306411,0.392353718520626,0.891916869892527,1.0518132817171,-7.17414376187243,-25.5623381419823,107.884095085949,-2.07532269301869,5.6505420494088,3.16232511403265,-5.62005317298558
-15.4839302370025,9.69161537130412,1.04599907081764,0.418182538504376,0.669035777367535,-0.0168371059169855,-35.8003335036363,41.8614228133036,0.246228561181601,0.807636716508493,1.29973538145818,-8.03224961716186,-25.7828651365066,114.899743251387,-2.71042101459994,5.69845509684513,3.61450977269213,-7.33245905139502
-17.6379312758297,7.74085206492664,1.43316663887853,0.326091808544338,0.765489095433866,-0.132727125390678,-39.4792383527701,39.3848527316059,0.12558212573042,0.67126530145623,1.54476420554952,-8.91411268027008,-25.8326253003264,121.118157335896,-3.26154218656053,5.62438072301233,4.02512891491684,-9.08652692965002
-19.4528976006449,5.68074080278642,1.83582862068166,0.225092475569378,0.844997823101217,-0.24413365637522,-42.4517530187777,36.3876783856249,0.0579445570107648,0.48487345150744,1.76276842186244,-9.74671528290343,-25.7380295008393,126.319715151456,-3.74047506389857,5.44185151248379,4.36430008477321,-10.7235795553757
-20.772524455493,3.69817122459544,2.22944115287968,0.125444184507747,0.899341962296061,-0.340554819729246,-44.5255959675652,33.2743118250052,0.0583033299032412,0.268693054293503,1.9300248229901,-10.4320381832766,-25.6010309917191,130.411200032379,-4.08528924655534,5.1835153407937,4.60441104449831,-12.0616053599325
-21.454115617901,2.00562874352731,2.55234344868625,0.0398267543184221,0.923333562850809,-0.410859243577003,-45.5408565350539,30.4981698308669,0.111741341636253,0.0645713814627492,2.03066724736574,-10.8537131562238,-25.4972064775458,133.441397739281,-4.18814548209747,4.90807164959044,4.72689338447051,-12.8963030659095
-21.3982513285763,0.804467319264309,2.7187572808703,-0.0193845425113311,0.915918924293708,-0.445370507601014,-45.3895737084408,28.4357956710616,0.177923247259442,-0.0744170493139233,2.06098919001253,-10.9050434649393,-25.4319508694398,135.524251873469,-3.95040620076092,4.68816449129661,4.72727635236024,-13.0471763114861
-20.5869250027723,0.233210045015995,2.65761659971206,-0.0437687926026661,0.880049834339905,-0.438676706804727,-44.0710524915317,27.2831862771468,0.235494787897922,-0.108827739467733,2.02664305716492,-10.5308283460251,-25.3957703410069,136.745414446407,-3.27235831469757,4.56789154232989,4.60884266693807,-12.4344094824635
-19.1002753526491,0.317512068193862,2.35305364356619,-0.0319512198902244,0.82119974804064,-0.391913955218683,-41.7071749169138,27.0594702838011,0.312446906011284,-0.0328903179835025,1.93575617440242,-9.74911874256451,-25.3888205999719,137.221898684059,-2.05231322648839,4.53758017950657,4.37298592416087,-11.1012556085285
-17.0946509706493,0.955155066876745,1.85731783691848,0.00980172053509792,0.745336034759237,-0.31291191693953,-38.4954473605687,27.6777855938177,0.468391554226006,0.125071189576951,1.79463428930323,-8.63913790913664,-25.383623111394,137.260018595457,-0.289783077679603,4.55723556381041,4.02087145112135,-9.16777752393375
-14.7706777665663,1.96297063755164,1.26940759499292,0.0705752045376807,0.658219389501284,-0.213450292479639,-34.6952172509604,28.9775502884155,0.760767316350606,0.317471608905866,1.61001799523252,-7.32179947444245,-25.4051059664107,137.293837973358,1.85186624433671,4.58728950281951,3.56637619444219,-6.81673224653026
-12.3516397673793,3.1551502881236,0.701054951373525,0.139303070925817,0.565873766293047,-0.10543905761229,-30.6650376572428,30.70100872219,1.21575062238742,0.495912405737534,1.3946903024454,-5.94838098725027,-25.6865455569634,137.560581462268,4.11778141060784,4.59577694372542,3.04897516132319,-4.33116816224621
-10.0461384801259,4.38876227318282,0.247237282609832,0.207354470747391,0.474074031678159,0.00133031818101696,-26.830909721817,32.4956778671528,1.79768630811601,0.627016353360307,1.16893891129836,-4.67655970543095,-26.6385377787196,137.856864801971,6.21112137657256,4.56778824049891,2.53664961357819,-2.07444396878642
-7.99598961269018,5.56512348512709,-0.0381546247198325,0.268898307923158,0.387070079243376,0.0998006286136442,-23.5539956892381,34.0010428146699,2.39254996293045,0.703363868333741,0.955914958050204,-3.62749649668118,-28.6221490037707,137.583476205684,7.77003728936417,4.52660366672109,2.11414109165678,-0.378334466330752
-6.25795097514204,6.61707945113255,-0.157241462434461,0.320660010820128,0.307682332022921,0.185533739558923,-21.0217269524363,34.9615164687657,2.83948561221917,0.743740850122405,0.775344237014818,-2.85713551730084,-31.7700123753892,135.999656966673,8.43318163280463,4.53061156516853,1.85780989973403,0.560246803720057
-4.82981353443901,7.49705219545591,-0.163709673842994,0.361564349087924,0.238460091250647,0.255994407325962,-19.2530676621406,35.2754252274748,3.00468114135347,0.78008692487134,0.639235784359388,-2.36367113847369,-35.9541076743377,132.546372311765,8.01712851708237,4.63457781493325,1.80808657754562,0.701303524271376
-3.68219073124943,8.17427774337512,-0.133055614176531,0.392188731809789,0.18162270772655,0.310080230141142,-18.1683645440514,34.9923953619178,2.83969545579782,0.839951818389084,0.549788871649997,-2.11098619199421,-40.8120086892057,127.110370118637,6.61971356955856,4.85617797576434,1.9554939438056,0.137182650350117
-2.77325244079875,8.6385446763934,-0.118055170426566,0.413710308394947,0.137469136633886,0.348190711835821,-17.6223157586181,34.2949799066271,2.38523526948451,0.934044108661049,0.498931939661052,-2.04240444575446,-45.7667089331249,120.148786489623,4.53490626316046,5.17843075312522,2.24566257550109,-0.924250373724171
-2.0550467313776,8.8962077710725,-0.122179961719536,0.426537313597813,0.10351792786065,0.371944004264788,-17.3887865662885,33.4344705446428,1.74294057029678,1.05182371166905,0.470727626927471,-2.08571382855277,-50.0749316015287,112.591297593318,2.08123420403365,5.56822737500014,2.59587705456756,-2.18006186497671
-1.48268116757235,8.96491688764541,-0.117271441887789,0.430280165829447,0.0760584114551194,0.383615775589224,-17.1842833489502,32.6262367710905,1.04691700201799,1.1677882039696,0.447992403926946,-2.16450906285484,-52.9878082236644,105.474576778946,-0.472942035281803,5.98145681482485,2.91623410094337,-3.30347122568388
-1.02363931044184,8.87547415383074,-0.0844365825160559,0.425309115739583,0.0526348306636229,0.38579383217397,-16.7640007640732,31.9828926036231,0.430383475378362,1.25686609938617,0.419747607318822,-2.21825495717774,-54.0024340029555,99.5623088241378,-2.85985478128422,6.36222593254289,3.13226617772956,-4.04932037633903
-0.657956525584338,8.67075847176129,-0.0288178348439265,0.413543345407054,0.0326188151029975,0.381147265927497,-16.0101516283415,31.5249191123901,-0.00862884629750903,1.30522816420516,0.383308775164989,-2.2164161687584,-53.0384857443981,95.2496921360556,-4.7882779350176,6.65339941032433,3.2019105837376,-4.31782628525758
-0.372097698001252,8.39721897626971,0.0371309498554832,0.39755791537796,0.0160046591924857,0.372156692897386,-14.9469602004835,31.2245120210768,-0.216217107285622,1.30832877260128,0.341322663068108,-2.15818590806644,-50.4188256360679,92.6593053254753,-6.01045579648077,6.80931636839371,3.11959764494941,-4.14771801318074
-0.156696242574265,8.09614776420418,0.104989563919358,0.379677349095729,0.00275360707245271,0.360792141756368,-13.6948938133614,31.0393989130453,-0.177340824578072,1.26722312205624,0.29885874243914,-2.06287845226461,-46.6922500436789,91.7196525248119,-6.40120343495978,6.80569913401073,2.90971135353038,-3.66685309122393
-0.0053846905749747,7.79939963356273,0.166344960659783,0.36188052067422,-0.00706841482368474,0.34840838738723,-12.3975291812473,30.9313091967083,0.0781945079076247,1.19080314730044,0.26133863580501,-1.95582552750714,-42.4223925090682,92.2091088166395,-6.00820284461728,6.65351320290609,2.61577789903139,-3.02882296989178
0.0894270602447406,7.52821258189579,0.211798864073835,0.345748103470595,-0.0134417155268519,0.335936591333198,-11.1595158899309,30.870593928044,0.478415280283178,1.09549395867751,0.232236000362885,-1.85558421663253,-38.0522009886579,93.7920144282757,-5.03785543674087,6.39906236327526,2.28647684632767,-2.36291771591651
0.138417196005828,7.29433283752682,0.236237799447928,0.332237363304125,-0.0166985872392942,0.324070885356306,-10.0259168738667,30.8400972422777,0.934959307980735,0.999203443502472,0.211976818578697,-1.76938088059519,-33.8917225395424,96.0356515879032,-3.74754918442797,6.09922295872027,1.96207249378206,-1.7584937404173
0.153218478801143,7.1027929547352,0.23994918466655,0.321725354215401,-0.0174480224896714,0.313315031646883,-8.99706813292398,30.8389805614809,1.36412937583223,0.917402209717642,0.198676914566644,-1.69624761627632,-30.1714055719024,98.4292419360979,-2.35646461341592,5.80160904028487,1.66988751039815,-1.27448103235176
0.144323000652254,6.95371505507147,0.225294054991743,0.314230580891979,-0.0163193189537432,0.30395926812112,-8.05337609171413,30.867825021971,1.69566963111549,0.86220796417447,0.189417884806626,-1.63189814483612,-27.0580947264187,100.472749164505,-1.03405230880501,5.54196715646651,1.42599151993678,-0.947410594019603
0.120763831464123,6.84350663478421,0.195654487521929,0.309511415394112,-0.0138990716579321,0.296106809915167,-7.1717568306878,30.9120647439479,1.88853528232845,0.839558920429944,0.181271657043054,-1.57143736581519,-24.6457652062354,101.820325713785,0.114092805355959,5.33921802896946,1.23556694170084,-0.791333227682253
0.090155964065746,6.76596574097479,0.156202062431449,0.307079143456749,-0.0107676541582016,0.289716414874877,-6.33457190736273,30.9471815773326,1.94022363314775,0.847545358502107,0.172077739190339,-1.51085651067173,-22.9796757510018,102.34258053768,1.03824562165956,5.19469504088546,1.0960037524649,-0.803275981373735
0.0583568386113319,6.71171088831681,0.112149694441605,0.306262608741226,-0.00741425692901477,0.284557707225722,-5.53475454126571,30.9484299636393,1.8667030500868,0.88066509071833,0.160635533461149,-1.44818819874715,-22.0853531949118,102.070774800884,1.68224192117735,5.1083599219785,1.00326850836053,-0.973558173573003
0.0294192980896161,6.66831097487485,0.0655657540655403,0.306380954212668,-0.00410737752991162,0.280212656040581,-4.77171067406049,30.8960748308135,1.68048677818852,0.934737393100565,0.146311834475656,-1.38293351425082,-21.9750550114044,101.125848867074,1.96979449781658,5.08879567658593,0.953423374532575,-1.28940069050399
0.00601261733683873,6.62450759227247,0.01614630744051,0.306907775610817,-0.000952514414430955,0.276271700354387,-4.04706967468232,30.7834103844955,1.39491999815175,1.00642996388382,0.12887598652143,-1.31538513510264,-22.6647514100986,99.680409629565,1.86318454975859,5.14242132091672,0.940767137419116,-1.73801971355534
-0.0103048979049482,6.57474623336345,-0.0336578037321983,0.307428755421837,0.00187883473961776,0.272530910324594,-3.37325841679366,30.6147786581536,1.03041369753656,1.09104102164707,0.108719937708969,-1.2481194374858,-24.2269727585019,97.9277190974027,1.39098911789905,5.26429119301505,0.960219472123607,-2.32013683050496
-0.0191632860368618,6.51851295938587,-0.0759646417682557,0.307480503152903,0.00404306099494501,0.268954333112317,-2.78395792675888,30.3963868924504,0.60970388930686,1.1823306376229,0.0870299221543156,-1.18776101186718,-26.8493036947438,96.071607438341,0.628990212976612,5.44059714639458,1.01184677369797,-3.06432408318091
-0.0209851044930501,6.45623288552423,-0.101292038825448,0.30655530031173,0.00516856349842085,0.265522777167306,-2.33374131023619,30.1411750002295,0.159203497510062,1.27312923117617,0.0658749087298869,-1.14496024011088,-30.832680558955,94.3539880966326,-0.298796768495112,5.64967862136347,1.10172323330873,-4.02684598153438
-0.0172066442852377,6.38728770810306,-0.104519800916932,0.304310132369619,0.00511478209890206,0.262140952599731,-2.08831252960745,29.8726503623426,-0.289026629423444,1.35657880759911,0.0481144135421848,-1.13280154810247,-36.4958905710881,93.0478472997239,-1.2334018336203,5.86449609626344,1.23947900345809,-5.27502001667429
-0.0123937414972736,6.31169657379259,-0.0872398664279817,0.300766806091389,0.00416744262568688,0.258593676466125,-2.10986612332958,29.6084173997609,-0.707155069249524,1.4282684429329,0.0369263255492738,-1.16429252476394,-44.0260887010178,92.3710385872355,-2.04826953543725,6.0635128747955,1.43410893191393,-6.86087525088629
-0.0133835944752805,6.23115747155361,-0.0561563626181773,0.296286528286989,0.00293091180119648,0.254621574266171,-2.43291602264664,29.3506653658796,-1.0813030623906,1.48736733808697,0.0347305133176962,-1.24750280028973,-53.3278822256713,92.4100647225339,-2.69450932793827,6.23848793114544,1.68723703772544,-8.78700110785751
-0.0237887801238974,6.14853207776709,-0.0191904033105179,NaN,NaN,NaN,-3.02828883589678,29.102819746671,-1.40805768505526,NaN,NaN,NaN,-63.8817604983271,93.1040812796071,-3.18217681222811,NaN,NaN,NaN
NaN,NaN,NaN,NaN,NaN,NaN,NaN,NaN,NaN,NaN,NaN,NaN,NaN,NaN,NaN,NaN,NaN,NaN
